1767005641174 1.0819306861228257 1
1767005645953 1.1717814904332595 2
1767005654039 0.969790894461442 3
1767005661600 0.7099965764043091 4
1767005669080 0.6247126673241921 5
1767005675482 0.6901331488681556 6
1767005681692 0.6376420820965083 7
1767005686895 0.8660770394104713 8
1767005695471 0.7100700701370753 9
1767005704290 0.5029664274095014 10
1767005709271 0.72383236013345 11
1767005714299 0.6898696769379008 12
1767005729890 0.8131451701248004 13
1767005734774 0.6474038176199199 14
1767005743035 0.5804943143135188 15
1767005751301 0.525174719456581 16
1767005755870 0.7071018712325876 17
1767005763571 0.5560281442715164 18
1767005771939 0.4899067179563946 19
1767005780995 0.42746057581601654 20
1767005788274 0.3939629840234374 21
1767005794844 0.45606965237278785 22
1767005802737 0.49300059049727285 23
1767005810940 0.41950906089530426 24
1767005818797 0.4622993834679639 25
1767005827004 0.4040220552109825 26
1767005834330 0.33830475885077715 27
1767005840506 0.45065141649908097 28
1767005847916 0.2993088801182612 29
1767005857137 0.4271032388750421 30
1767005863215 0.4069497046761224 31
1767005871443 0.3872181410009848 32
1767005876269 0.4458024045808719 33
1767005883658 0.33700136566478667 34
1767005890952 0.27308843683507783 35
1767005897116 0.3746426140308582 36
1767005902050 0.5082630931764621 37
1767005910282 0.3710439490600371 38
1767005915236 0.4002000997068359 39
1767005923825 0.3070966274087701 40
1767005931615 0.38059457861819895 41
1767005936160 0.5533723834187938 42
1767005940718 0.49030498639606473 43
