1767005641174 0.6146760343481655 1
1767005645952 0.5325287678922257 2
1767005654038 0.6431840470742073 3
1767005661599 0.7341127922971115 4
1767005669080 0.7814993122420908 5
1767005675482 0.7369445619974608 6
1767005681691 0.7699534490055014 7
1767005686895 0.6441393875395988 8
1767005695470 0.7404470300061237 9
1767005704289 0.8147867950481431 10
1767005709271 0.7090813093980992 11
1767005714298 0.7372756071805702 12
1767005729890 0.6852437843073943 13
1767005734773 0.7409186906019007 14
1767005743034 0.7978260869565217 15
1767005751300 0.8275872627066748 16
1767005755870 0.7339320797081111 17
1767005763570 0.7967963386727689 18
1767005771939 0.8282914880587875 19
1767005780994 0.8309923130677848 20
1767005788274 0.8573375262054508 21
1767005794844 0.8077942948975492 22
1767005802736 0.8184373978424322 23
1767005810939 0.8439069197795468 24
1767005818797 0.8327558025498529 25
1767005827004 0.8526638089406001 26
1767005834330 0.8732118294360385 27
1767005840505 0.8252221752010157 28
1767005847916 0.8890302613480056 29
1767005857137 0.8458973520758418 30
1767005863214 0.8494286923402454 31
1767005871442 0.8566748315982854 32
1767005876268 0.8370023419203747 33
1767005883657 0.8617051013277428 34
1767005890952 0.8927785419532325 35
1767005897116 0.8488785442234448 36
1767005902050 0.7825765575501584 37
1767005910281 0.8670238824249847 38
1767005915235 0.8465261514441842 39
1767005923824 0.8715932914046122 40
1767005931615 0.8582870219025825 41
1767005936160 0.7928150435026663 42
1767005940717 0.8212180746561886 43
