1767005641175 1.0 1
1767005645953 2.0 2
1767005654039 3.0 3
1767005661600 4.0 4
1767005669081 5.0 5
1767005675483 6.0 6
1767005681692 7.0 7
1767005686896 8.0 8
1767005695471 9.0 9
1767005704292 10.0 10
1767005709272 11.0 11
1767005714299 12.0 12
1767005729891 13.0 13
1767005734774 14.0 14
1767005743035 15.0 15
1767005751301 16.0 16
1767005755871 17.0 17
1767005763571 18.0 18
1767005771940 19.0 19
1767005780997 20.0 20
1767005788275 21.0 21
1767005794845 22.0 22
1767005802737 23.0 23
1767005810940 24.0 24
1767005818798 25.0 25
1767005827005 26.0 26
1767005834331 27.0 27
1767005840506 28.0 28
1767005847917 29.0 29
1767005857139 30.0 30
1767005863215 31.0 31
1767005871443 32.0 32
1767005876269 33.0 33
1767005883658 34.0 34
1767005890953 35.0 35
1767005897117 36.0 36
1767005902051 37.0 37
1767005910282 38.0 38
1767005915236 39.0 39
1767005923826 40.0 40
1767005931616 41.0 41
1767005936161 42.0 42
1767005940718 43.0 43
